time,meter_reading
2016-10-19 18:00:00,143.21877743760697
2016-10-19 19:00:00,135.5294430289052
2016-10-19 20:00:00,73.86392791057072
2016-10-19 21:00:00,73.69943360977136
2016-10-19 22:00:00,72.08210011867936
2016-10-19 23:00:00,64.73343739953778
2016-10-20 00:00:00,67.89585204222024
2016-10-20 01:00:00,65.12084770916812
2016-10-20 02:00:00,65.62777854163251
2016-10-20 03:00:00,72.86636170887218
2016-10-20 04:00:00,118.935401170588
2016-10-20 05:00:00,122.64850323607018
2016-10-20 06:00:00,120.79090606795226
2016-10-20 07:00:00,134.07114972069377
2016-10-20 08:00:00,146.38928945355855
2016-10-20 09:00:00,153.34426561813044
2016-10-20 10:00:00,154.15296728564778
2016-10-20 11:00:00,158.8667173647099
2016-10-20 12:00:00,163.53623607104655
2016-10-20 13:00:00,164.31944744553496
2016-10-20 14:00:00,166.19609320359675
2016-10-20 15:00:00,174.9048667975065
2016-10-20 16:00:00,168.38205110252247
2016-10-20 17:00:00,161.2284931200992
2016-10-20 18:00:00,148.75010608432203
2016-10-20 19:00:00,137.52540060075154
2016-10-20 20:00:00,75.79002369846718
2016-10-20 21:00:00,75.50186914458544
2016-10-20 22:00:00,83.77387855526634
2016-10-20 23:00:00,82.28731729766501
2016-10-21 00:00:00,83.76473774232454
2016-10-21 01:00:00,87.69101558807935
2016-10-21 02:00:00,91.95055678079947
2016-10-21 03:00:00,100.82628188205038
2016-10-21 04:00:00,143.73849960260782
2016-10-21 05:00:00,139.36788588105287
2016-10-21 06:00:00,138.03120673772807
2016-10-21 07:00:00,148.91885989814583
2016-10-21 08:00:00,162.8934572278332
2016-10-21 09:00:00,165.40041250825863
2016-10-21 10:00:00,167.72967689397078
2016-10-21 11:00:00,167.49978098522712
2016-10-21 12:00:00,167.07748874250225
2016-10-21 13:00:00,165.0839119124245
2016-10-21 14:00:00,170.59212468387187
2016-10-21 15:00:00,169.52003450376932
2016-10-21 16:00:00,160.988077919788
2016-10-21 17:00:00,154.024158763018
2016-10-21 18:00:00,138.68925114248822
2016-10-21 19:00:00,121.55018626001576
2016-10-21 20:00:00,80.86924886607703
2016-10-21 21:00:00,77.8640533285226
2016-10-21 22:00:00,76.65834729584905
2016-10-21 23:00:00,78.1856219531228
2016-10-22 00:00:00,73.4027983854074
2016-10-22 01:00:00,75.2275024106523
2016-10-22 02:00:00,71.11912412012758
2016-10-22 03:00:00,75.48098088565948
2016-10-22 04:00:00,115.20418879392373
2016-10-22 05:00:00,119.62866295979244
2016-10-22 06:00:00,118.65596135016708
2016-10-22 07:00:00,125.5663939337203
2016-10-22 08:00:00,128.82296098075886
2016-10-22 09:00:00,128.69468940373287
2016-10-22 10:00:00,128.18314859121543
2016-10-22 11:00:00,128.40603159903424
2016-10-22 12:00:00,128.46206427954502
2016-10-22 13:00:00,123.73590561922417
2016-10-22 14:00:00,125.2336272816069
2016-10-22 15:00:00,128.82501530942602
2016-10-22 16:00:00,130.8451844997205
2016-10-22 17:00:00,125.51225114632577
2016-10-22 18:00:00,124.36609159914624
2016-10-22 19:00:00,115.26156851801073
2016-10-22 20:00:00,95.7193997670907
2016-10-22 21:00:00,88.01320705472887
2016-10-22 22:00:00,79.61090368834208
2016-10-22 23:00:00,76.05833634948658
2016-10-23 00:00:00,73.85089549173955
2016-10-23 01:00:00,76.97911450892347
2016-10-23 02:00:00,75.33682585521298
2016-10-23 03:00:00,74.69563547717618
2016-10-23 04:00:00,82.73987159641548
2016-10-23 05:00:00,88.40477500712502
2016-10-23 06:00:00,88.79313987610885
2016-10-23 07:00:00,109.41250324795266
2016-10-23 08:00:00,110.08283344681965
2016-10-23 09:00:00,109.2188618839111
2016-10-23 10:00:00,109.41363058568068
2016-10-23 11:00:00,99.79447936024404
2016-10-23 12:00:00,98.95849781613657
2016-10-23 13:00:00,87.78353374434607
2016-10-23 14:00:00,86.6092613513767
2016-10-23 15:00:00,78.57932620718519
2016-10-23 16:00:00,60.487846992576515
2016-10-23 17:00:00,55.4131997066916
2016-10-23 18:00:00,59.7647468794687
2016-10-23 19:00:00,75.81612316061512
2016-10-23 20:00:00,69.78224992329989
2016-10-23 21:00:00,73.26798343730718
2016-10-23 22:00:00,82.76184450989523
2016-10-23 23:00:00,77.62735561192888
2016-10-24 00:00:00,73.84712350920377
2016-10-24 01:00:00,79.41433190330888
2016-10-24 02:00:00,74.78036279042972
2016-10-24 03:00:00,73.58117867958948
2016-10-24 04:00:00,94.11928864084814
2016-10-24 05:00:00,110.97607611110817
2016-10-24 06:00:00,115.02176969401096
2016-10-24 07:00:00,129.42553871009963
2016-10-24 08:00:00,145.429051463159
2016-10-24 09:00:00,149.81407302806545
2016-10-24 10:00:00,145.41926573360178
2016-10-24 11:00:00,152.99487926532964
2016-10-24 12:00:00,160.2631973509955
2016-10-24 13:00:00,158.77565538572347
2016-10-24 14:00:00,158.67968869117297
2016-10-24 15:00:00,157.17784752105746
2016-10-24 16:00:00,147.7779216180893
2016-10-24 17:00:00,137.3943947395092
2016-10-24 18:00:00,135.30856493093376
2016-10-24 19:00:00,124.34246223466005
2016-10-24 20:00:00,78.65262328994184
2016-10-24 21:00:00,75.97068838601169
2016-10-24 22:00:00,80.77710643244417
2016-10-24 23:00:00,78.32657752028997
2016-10-25 00:00:00,77.23860500739498
2016-10-25 01:00:00,73.053278463996
2016-10-25 02:00:00,74.34751855716054
2016-10-25 03:00:00,82.78559822748798
2016-10-25 04:00:00,130.69133833698655
2016-10-25 05:00:00,129.78972341160755
2016-10-25 06:00:00,119.87828831169732
2016-10-25 07:00:00,128.59882436010142
2016-10-25 08:00:00,144.8561590679008
2016-10-25 09:00:00,150.31910820753902
2016-10-25 10:00:00,144.2536849645754
2016-10-25 11:00:00,148.99498526792362
2016-10-25 12:00:00,156.33166407085074
2016-10-25 13:00:00,153.79677219063635
2016-10-25 14:00:00,150.69814518266458
2016-10-25 15:00:00,157.4649077626311
2016-10-25 16:00:00,148.81935880894773
2016-10-25 17:00:00,141.49434928145442
2016-10-25 18:00:00,136.5819166042592
2016-10-25 19:00:00,133.39720869943937
2016-10-25 20:00:00,76.5638665539248
2016-10-25 21:00:00,76.58569585217238
2016-10-25 22:00:00,77.92016629735632
2016-10-25 23:00:00,71.27452943718951
2016-10-26 00:00:00,74.76030021896528
2016-10-26 01:00:00,72.90673422627121
2016-10-26 02:00:00,71.47334077204302
2016-10-26 03:00:00,77.70363446316456
2016-10-26 04:00:00,120.04891087806668
2016-10-26 05:00:00,122.39566581312512
2016-10-26 06:00:00,118.3615585027042
2016-10-26 07:00:00,126.3052843213392
2016-10-26 08:00:00,132.98975509991075
2016-10-26 09:00:00,141.8838754114671
2016-10-26 10:00:00,143.58954816319857
2016-10-26 11:00:00,149.68830528452912
2016-10-26 12:00:00,152.2894976092962
2016-10-26 13:00:00,151.61356469662044
2016-10-26 14:00:00,152.56364014733236
2016-10-26 15:00:00,158.07781339389686
2016-10-26 16:00:00,152.32086934548778
2016-10-26 17:00:00,143.05649975031636
2016-10-26 18:00:00,136.8028863735057
2016-10-26 19:00:00,136.77551174521022
2016-10-26 20:00:00,79.03291126649157
2016-10-26 21:00:00,73.25023084750573
2016-10-26 22:00:00,76.23883854536251
2016-10-26 23:00:00,72.85680159364225
2016-10-27 00:00:00,72.37549754842547
2016-10-27 01:00:00,68.76365171625446
2016-10-27 02:00:00,68.16888302012525
2016-10-27 03:00:00,74.78760981852813
2016-10-27 04:00:00,113.9628279887851
2016-10-27 05:00:00,114.37047015172243
2016-10-27 06:00:00,110.32123673216849
2016-10-27 07:00:00,119.68636186845977
2016-10-27 08:00:00,126.51143972855368
2016-10-27 09:00:00,134.5197189078072
2016-10-27 10:00:00,135.66776424800153
2016-10-27 11:00:00,139.39932786004698
2016-10-27 12:00:00,148.97308205873503
2016-10-27 13:00:00,145.15380665881472
2016-10-27 14:00:00,141.88830131891564
2016-10-27 15:00:00,144.13293265058036
2016-10-27 16:00:00,142.48081171997418
2016-10-27 17:00:00,134.5620551574279
2016-10-27 18:00:00,132.44163077864553
2016-10-27 19:00:00,119.15755656427758
2016-10-27 20:00:00,72.38784377918263
2016-10-27 21:00:00,69.77772085145286
2016-10-27 22:00:00,75.34357709526206
2016-10-27 23:00:00,77.04089055715659
2016-10-28 00:00:00,74.40130370300608
2016-10-28 01:00:00,76.55953634970923
2016-10-28 02:00:00,77.55094890664849
2016-10-28 03:00:00,80.28955439866625
2016-10-28 04:00:00,114.41167107336351
2016-10-28 05:00:00,116.64156614825272
2016-10-28 06:00:00,114.21413587080717
2016-10-28 07:00:00,127.54968103063578
2016-10-28 08:00:00,137.9283558706515
2016-10-28 09:00:00,144.68989063954066
2016-10-28 10:00:00,144.56611266610338
2016-10-28 11:00:00,149.44674168085888
2016-10-28 12:00:00,150.36361016908617
2016-10-28 13:00:00,147.99529036710842
2016-10-28 14:00:00,141.8665487200211
2016-10-28 15:00:00,137.9763451934692
2016-10-28 16:00:00,139.30977787993038
2016-10-28 17:00:00,124.66222513380423
2016-10-28 18:00:00,117.92799993464283
2016-10-28 19:00:00,107.03305328019927
2016-10-28 20:00:00,72.73371380463342
2016-10-28 21:00:00,64.69472283686707
2016-10-28 22:00:00,67.99531467524216
2016-10-28 23:00:00,63.59640312653608
2016-10-29 00:00:00,60.21745319246582
2016-10-29 01:00:00,60.31670097494892
2016-10-29 02:00:00,62.29187870337597
2016-10-29 03:00:00,66.32862479035816
2016-10-29 04:00:00,90.04093168171876
2016-10-29 05:00:00,96.47717284868253
2016-10-29 06:00:00,99.94919503652122
2016-10-29 07:00:00,108.15275124617723
2016-10-29 08:00:00,117.66239907050405
2016-10-29 09:00:00,125.96964249336979
2016-10-29 10:00:00,128.83521300270115
2016-10-29 11:00:00,129.76846668315383
2016-10-29 12:00:00,122.49162170443488
2016-10-29 13:00:00,124.26808676105726
2016-10-29 14:00:00,130.21873617985287
2016-10-29 15:00:00,132.72632805310022
2016-10-29 16:00:00,129.22324823608784
2016-10-29 17:00:00,122.84493431794765
2016-10-29 18:00:00,119.10018007594509
2016-10-29 19:00:00,109.51634476123948
2016-10-29 20:00:00,90.67893073315625
2016-10-29 21:00:00,77.38997850273695
2016-10-29 22:00:00,69.8380895707237
2016-10-29 23:00:00,65.95981617789572
2016-10-30 00:00:00,65.42034599543972
2016-10-30 01:00:00,68.53778239329729
2016-10-30 02:00:00,70.72070985899492
2016-10-30 03:00:00,71.83870688504562
2016-10-30 04:00:00,77.52750199508668
2016-10-30 05:00:00,77.3001486364245
2016-10-30 06:00:00,78.40002726880543
2016-10-30 07:00:00,90.09561426042234
2016-10-30 08:00:00,83.19746785223579
2016-10-30 09:00:00,83.19525461427686
2016-10-30 10:00:00,84.4114076763454
2016-10-30 11:00:00,86.13044882371939
2016-10-30 12:00:00,90.50762447977566
2016-10-30 13:00:00,92.42782614517618
2016-10-30 14:00:00,90.09180665888978
2016-10-30 15:00:00,80.32081598228565
2016-10-30 16:00:00,66.4109202151351
2016-10-30 17:00:00,61.22824063033083
2016-10-30 18:00:00,62.56044943513309
2016-10-30 19:00:00,76.30942396343892
2016-10-30 20:00:00,65.02263991526777
2016-10-30 21:00:00,65.76972883623306
2016-10-30 22:00:00,66.56112339867526
2016-10-30 23:00:00,70.11315212781315
2016-10-31 00:00:00,69.20767246850285
2016-10-31 01:00:00,71.85707030124296
2016-10-31 02:00:00,63.61524675333136
2016-10-31 03:00:00,62.98313680426841
2016-10-31 04:00:00,80.53549404470472
2016-10-31 05:00:00,91.89111787564931
2016-10-31 06:00:00,98.97259522575435
2016-10-31 07:00:00,112.24865620222535
2016-10-31 08:00:00,124.02383728390987
2016-10-31 09:00:00,131.39559981920277
2016-10-31 10:00:00,130.130514935071
2016-10-31 11:00:00,131.1294393402941
2016-10-31 12:00:00,136.86026926560345
2016-10-31 13:00:00,133.4422361020605
2016-10-31 14:00:00,132.4306596128622
2016-10-31 15:00:00,134.96997861481304
2016-10-31 16:00:00,134.68731710497298
2016-10-31 17:00:00,129.2956063448423
2016-10-31 18:00:00,126.34305477938054
2016-10-31 19:00:00,113.17289946383227
2016-10-31 20:00:00,80.57649833958325
2016-10-31 21:00:00,72.61443435904614
2016-10-31 22:00:00,72.46574667940976
2016-10-31 23:00:00,68.54526761168313
2016-11-01 00:00:00,65.11933372184268
2016-11-01 01:00:00,64.91530923747268
2016-11-01 02:00:00,59.766835836155416
2016-11-01 03:00:00,63.69361327812319
2016-11-01 04:00:00,90.65927308307351
2016-11-01 05:00:00,95.07874832362054
2016-11-01 06:00:00,93.48578359771393
2016-11-01 07:00:00,108.55795750306054
2016-11-01 08:00:00,125.39058246385561
2016-11-01 09:00:00,133.90581788785684
2016-11-01 10:00:00,133.80470624028737
2016-11-01 11:00:00,136.77829322786712
2016-11-01 12:00:00,145.6719404020329
2016-11-01 13:00:00,140.18504321152915
2016-11-01 14:00:00,141.61078652803258
2016-11-01 15:00:00,146.59338510322328
2016-11-01 16:00:00,143.31476659220468
2016-11-01 17:00:00,135.95424729806666
2016-11-01 18:00:00,135.68121143975344
2016-11-01 19:00:00,122.11171201301292
2016-11-01 20:00:00,76.9592621715846
2016-11-01 21:00:00,71.35121428232355
2016-11-01 22:00:00,69.22357477901151
2016-11-01 23:00:00,65.71771505341037
2016-11-02 00:00:00,66.99358436624458
2016-11-02 01:00:00,65.00852228459617
2016-11-02 02:00:00,65.33283829560533
2016-11-02 03:00:00,74.84243351783203
2016-11-02 04:00:00,102.42812129174128
2016-11-02 05:00:00,113.24052975103194
2016-11-02 06:00:00,113.9497214384161
2016-11-02 07:00:00,122.56042577638786
2016-11-02 08:00:00,127.64344186962019
2016-11-02 09:00:00,135.57561968801912
2016-11-02 10:00:00,141.9271271605238
2016-11-02 11:00:00,146.24701159349655
2016-11-02 12:00:00,149.9584276813382
2016-11-02 13:00:00,147.32762983507024
2016-11-02 14:00:00,149.9393605931195
2016-11-02 15:00:00,150.58408033237438
2016-11-02 16:00:00,147.66160837749976
2016-11-02 17:00:00,140.68560653225285
2016-11-02 18:00:00,135.55481762394362
2016-11-02 19:00:00,126.08762609951505
2016-11-02 20:00:00,81.01285922396038
2016-11-02 21:00:00,74.33292935594139
2016-11-02 22:00:00,71.34981698815426
2016-11-02 23:00:00,69.7863267459044
2016-11-03 00:00:00,67.91305068628527
2016-11-03 01:00:00,63.252863871430876
2016-11-03 02:00:00,60.46113217862314
2016-11-03 03:00:00,65.90798385690972
2016-11-03 04:00:00,98.85882347083555
2016-11-03 05:00:00,102.26837041769213
2016-11-03 06:00:00,103.46719879801915
2016-11-03 07:00:00,110.58547508132325
2016-11-03 08:00:00,123.483070818013
2016-11-03 09:00:00,136.06989251568507
2016-11-03 10:00:00,142.7806020656302
2016-11-03 11:00:00,144.66326276932386
2016-11-03 12:00:00,150.57665315445894
2016-11-03 13:00:00,150.29854469752243
2016-11-03 14:00:00,151.00680894141252
2016-11-03 15:00:00,154.38604260177632
2016-11-03 16:00:00,153.20989578245786
2016-11-03 17:00:00,144.70763902993838
2016-11-03 18:00:00,141.7390637662412
2016-11-03 19:00:00,122.44809178980671
2016-11-03 20:00:00,84.80481753339143
2016-11-03 21:00:00,68.70013015444636
2016-11-03 22:00:00,67.7570684207032
2016-11-03 23:00:00,68.79361374746888
2016-11-04 00:00:00,62.86582527548382
2016-11-04 01:00:00,58.55920479566141
2016-11-04 02:00:00,59.19848129294928
2016-11-04 03:00:00,61.77186128314068
2016-11-04 04:00:00,93.91598402649576
2016-11-04 05:00:00,113.33230553975271
2016-11-04 06:00:00,118.68908481308918
2016-11-04 07:00:00,129.9909560689154
2016-11-04 08:00:00,139.4225485217967
2016-11-04 09:00:00,146.14582632409528
2016-11-04 10:00:00,149.95426701820756
2016-11-04 11:00:00,149.9610024688787
2016-11-04 12:00:00,153.28758391640125
2016-11-04 13:00:00,153.01543597703443
2016-11-04 14:00:00,153.58505605285015
2016-11-04 15:00:00,150.2151804605197
2016-11-04 16:00:00,142.92102596060803
2016-11-04 17:00:00,132.8934452622929
2016-11-04 18:00:00,124.71389255659753
2016-11-04 19:00:00,109.69417628303624
2016-11-04 20:00:00,74.20750499145112
2016-11-04 21:00:00,64.34554966509506
2016-11-04 22:00:00,63.08861137668584
2016-11-04 23:00:00,59.45005340970429
2016-11-05 00:00:00,60.11952125959086
2016-11-05 01:00:00,60.315697812492694
2016-11-05 02:00:00,60.29887374380617
2016-11-05 03:00:00,61.043859843810985
2016-11-05 04:00:00,87.94130148553808
2016-11-05 05:00:00,102.68315909890575
2016-11-05 06:00:00,108.07729830082889
2016-11-05 07:00:00,117.09242488906995
2016-11-05 08:00:00,123.5068472462607
2016-11-05 09:00:00,134.37450510466766
2016-11-05 10:00:00,133.74969312115604
2016-11-05 11:00:00,132.4266379747038
2016-11-05 12:00:00,133.5416365945352
2016-11-05 13:00:00,135.44209333007635
2016-11-05 14:00:00,135.15569010918185
2016-11-05 15:00:00,136.70258518086322
2016-11-05 16:00:00,131.27495805365717
2016-11-05 17:00:00,124.18970565268513
2016-11-05 18:00:00,122.52476905426467
2016-11-05 19:00:00,113.03449170125936
2016-11-05 20:00:00,89.46425421839044
2016-11-05 21:00:00,68.83783689803423
2016-11-05 22:00:00,63.98002227798946
2016-11-05 23:00:00,60.19888764536296
2016-11-06 00:00:00,58.47186884087462
2016-11-06 01:00:00,61.56369753741241
2016-11-06 02:00:00,59.00589091474858
2016-11-06 03:00:00,58.948537488746204
2016-11-06 04:00:00,65.86634356601127
2016-11-06 05:00:00,66.10712684308474
2016-11-06 06:00:00,69.1229697239677
2016-11-06 07:00:00,87.07262715768142
2016-11-06 08:00:00,82.6323005136107
2016-11-06 09:00:00,81.61080537649812
2016-11-06 10:00:00,78.005735057731
2016-11-06 11:00:00,80.96095864433086
2016-11-06 12:00:00,77.85084773682867
2016-11-06 13:00:00,71.37258247643143
2016-11-06 14:00:00,69.55848988929411
2016-11-06 15:00:00,57.74638568757984
2016-11-06 16:00:00,45.899956232884364
2016-11-06 17:00:00,48.05530090257227
2016-11-06 18:00:00,49.454024386644576
2016-11-06 19:00:00,57.00720967363376
2016-11-06 20:00:00,53.3628007455994
2016-11-06 21:00:00,61.19021175831167
2016-11-06 22:00:00,66.62944356074246
2016-11-06 23:00:00,67.7624002855987
2016-11-07 00:00:00,62.594882290416855
2016-11-07 01:00:00,64.20856166542632
2016-11-07 02:00:00,56.48403366194078
2016-11-07 03:00:00,54.0910679636173
2016-11-07 04:00:00,74.96646599146966
2016-11-07 05:00:00,88.396888146036
2016-11-07 06:00:00,86.05567558123067
2016-11-07 07:00:00,116.69637583046502
2016-11-07 08:00:00,128.06089348052717
2016-11-07 09:00:00,132.83132444826913
2016-11-07 10:00:00,122.75085830480266
2016-11-07 11:00:00,124.5553554024476
2016-11-07 12:00:00,133.002916894343
2016-11-07 13:00:00,128.3270154698975
2016-11-07 14:00:00,123.78292071734752
2016-11-07 15:00:00,121.23576121096961
2016-11-07 16:00:00,125.0106047907857
2016-11-07 17:00:00,119.9191249411532
2016-11-07 18:00:00,117.19648406922157
2016-11-07 19:00:00,106.30310189916379
2016-11-07 20:00:00,70.44527550176771
2016-11-07 21:00:00,73.49447797255527
2016-11-07 22:00:00,71.18447931718055
2016-11-07 23:00:00,68.36839051750974
2016-11-08 00:00:00,63.71336680229104
2016-11-08 01:00:00,64.54278443769469
2016-11-08 02:00:00,61.1582277568786
2016-11-08 03:00:00,67.41726050597683
2016-11-08 04:00:00,94.28487777875277
2016-11-08 05:00:00,92.84590864005423
2016-11-08 06:00:00,96.36719532195994
2016-11-08 07:00:00,106.88667139290989
2016-11-08 08:00:00,109.55475127444595
2016-11-08 09:00:00,114.55764723738815
2016-11-08 10:00:00,111.85217896095763
2016-11-08 11:00:00,117.28147438449905
2016-11-08 12:00:00,117.4354142627039
2016-11-08 13:00:00,135.87883540463622
2016-11-08 14:00:00,137.88662901494814
2016-11-08 15:00:00,138.47144293762224
2016-11-08 16:00:00,134.61673982145024
2016-11-08 17:00:00,134.440681082228
2016-11-08 18:00:00,138.36068998635378
2016-11-08 19:00:00,124.52352425321749
2016-11-08 20:00:00,87.64549373380137
2016-11-08 21:00:00,80.466311487976
2016-11-08 22:00:00,73.24809417733626
2016-11-08 23:00:00,63.851746870234
2016-11-09 00:00:00,62.23396361308387
2016-11-09 01:00:00,60.12711458627471
2016-11-09 02:00:00,58.461326681698516
2016-11-09 03:00:00,58.34698034226106
2016-11-09 04:00:00,87.65493343878306
2016-11-09 05:00:00,93.59228828178915
2016-11-09 06:00:00,103.99859381228208
2016-11-09 07:00:00,119.46693482053294
2016-11-09 08:00:00,124.41528727238874
2016-11-09 09:00:00,130.75384807470238
2016-11-09 10:00:00,131.57345205153496
2016-11-09 11:00:00,130.4561584298479
2016-11-09 12:00:00,132.7102521396333
2016-11-09 13:00:00,131.18321894252887
2016-11-09 14:00:00,128.3416544260309
2016-11-09 15:00:00,129.60862000339208
2016-11-09 16:00:00,125.0422958936322
2016-11-09 17:00:00,122.27195639703884
2016-11-09 18:00:00,117.63958207247451
2016-11-09 19:00:00,115.18891108662501
2016-11-09 20:00:00,74.53386881270337
2016-11-09 21:00:00,71.00961287960914
2016-11-09 22:00:00,71.33218006030539
2016-11-09 23:00:00,66.4541660975541
2016-11-10 00:00:00,64.33029508068937
2016-11-10 01:00:00,62.20660792653302
2016-11-10 02:00:00,64.64485795934597
2016-11-10 03:00:00,65.70783848101397
2016-11-10 04:00:00,92.75161475886516
2016-11-10 05:00:00,94.08207269434791
2016-11-10 06:00:00,92.63486938101182
2016-11-10 07:00:00,100.23511811491909
2016-11-10 08:00:00,103.0310850839308
2016-11-10 09:00:00,111.19475254686337
2016-11-10 10:00:00,114.99475242662668
2016-11-10 11:00:00,117.78503322178324
2016-11-10 12:00:00,123.52621880848177
2016-11-10 13:00:00,117.6803709348228
2016-11-10 14:00:00,119.72605119187448
2016-11-10 15:00:00,130.8595842851442
2016-11-10 16:00:00,135.04541285516203
2016-11-10 17:00:00,133.83469644106145
2016-11-10 18:00:00,133.4294628327748
2016-11-10 19:00:00,119.11953998628861
2016-11-10 20:00:00,79.55739485749608
2016-11-10 21:00:00,74.27290236852134
2016-11-10 22:00:00,70.89167476612342
2016-11-10 23:00:00,67.56039701769674
2016-11-11 00:00:00,64.2754573223513
2016-11-11 01:00:00,63.45679901187593
2016-11-11 02:00:00,62.6247385027441
2016-11-11 03:00:00,62.199247925354385
2016-11-11 04:00:00,82.91767596198905
2016-11-11 05:00:00,90.33061924618768
2016-11-11 06:00:00,92.94341225292645
2016-11-11 07:00:00,99.19550972543604
2016-11-11 08:00:00,102.03634144375356
2016-11-11 09:00:00,106.42420967043832
2016-11-11 10:00:00,111.42237521339884
2016-11-11 11:00:00,112.36377632700678
2016-11-11 12:00:00,113.54301938186376
2016-11-11 13:00:00,114.15301644084244
2016-11-11 14:00:00,110.2417583917987
2016-11-11 15:00:00,109.66676385851073
2016-11-11 16:00:00,105.55465695092113
2016-11-11 17:00:00,101.7785664856096
2016-11-11 18:00:00,96.28969748543834
2016-11-11 19:00:00,91.03572357835402
2016-11-11 20:00:00,66.52459909898941
2016-11-11 21:00:00,61.001332724236235
2016-11-11 22:00:00,57.43822566810084
2016-11-11 23:00:00,58.66204947921118
2016-11-12 00:00:00,58.13478895727982
2016-11-12 01:00:00,60.90850353815904
2016-11-12 02:00:00,60.0767222090449
2016-11-12 03:00:00,57.996353623273805
2016-11-12 04:00:00,73.6616949752251
2016-11-12 05:00:00,80.24371766947571
2016-11-12 06:00:00,89.25450512802571
2016-11-12 07:00:00,91.0646889554821
2016-11-12 08:00:00,92.86096533911726
2016-11-12 09:00:00,96.48847794896061
2016-11-12 10:00:00,107.73239833899179
2016-11-12 11:00:00,111.32376156865259
2016-11-12 12:00:00,111.65374383436256
2016-11-12 13:00:00,109.44240140285487
2016-11-12 14:00:00,106.37653652543156
2016-11-12 15:00:00,107.15160333659306
2016-11-12 16:00:00,106.90228111589
2016-11-12 17:00:00,103.47877763489635
2016-11-12 18:00:00,102.45876143852652
2016-11-12 19:00:00,95.9358648075791
2016-11-12 20:00:00,76.65350203630734
2016-11-12 21:00:00,69.5605596072086
2016-11-12 22:00:00,62.010673590231036
2016-11-12 23:00:00,59.14860839771304
2016-11-13 00:00:00,57.41032854586812
2016-11-13 01:00:00,57.13571976667817
2016-11-13 02:00:00,55.2335297569895
2016-11-13 03:00:00,53.895830858678146
2016-11-13 04:00:00,55.832345635184524
2016-11-13 05:00:00,58.634289132768146
2016-11-13 06:00:00,60.2232311767198
2016-11-13 07:00:00,65.14407610087575
2016-11-13 08:00:00,68.19448182628307
2016-11-13 09:00:00,67.94799674985838
2016-11-13 10:00:00,68.22230442847071
2016-11-13 11:00:00,66.43097076353844
2016-11-13 12:00:00,73.06860758134712
2016-11-13 13:00:00,72.86142070754973
2016-11-13 14:00:00,70.88272991853879
2016-11-13 15:00:00,71.6285108899973
2016-11-13 16:00:00,61.933078412009735
2016-11-13 17:00:00,53.478728003850954
2016-11-13 18:00:00,58.70945000640417
2016-11-13 19:00:00,60.9817853564615
2016-11-13 20:00:00,57.42421681274841
2016-11-13 21:00:00,55.53611895810375
2016-11-13 22:00:00,58.89453026833639
2016-11-13 23:00:00,61.17216108998548
2016-11-14 00:00:00,59.841038260541
2016-11-14 01:00:00,59.10060195375477
2016-11-14 02:00:00,58.597939834333744
2016-11-14 03:00:00,53.47000004881241
2016-11-14 04:00:00,59.234232184531805
2016-11-14 05:00:00,68.38517241628185
2016-11-14 06:00:00,78.45403859840827
2016-11-14 07:00:00,86.99897656030649
2016-11-14 08:00:00,97.05750525005246
2016-11-14 09:00:00,105.95524076969784
2016-11-14 10:00:00,108.5917446270452
2016-11-14 11:00:00,110.95293231678912
2016-11-14 12:00:00,113.7905443395657
2016-11-14 13:00:00,113.91106397673359
2016-11-14 14:00:00,111.64743507889595
2016-11-14 15:00:00,109.71648064405305
2016-11-14 16:00:00,113.02579971669894
2016-11-14 17:00:00,113.39049644783879
2016-11-14 18:00:00,114.80318031267454
2016-11-14 19:00:00,107.03371471392026
2016-11-14 20:00:00,85.75313495811199
2016-11-14 21:00:00,75.26116954263425
2016-11-14 22:00:00,65.669609018511
2016-11-14 23:00:00,64.52678863026112
2016-11-15 00:00:00,63.437327805182825
2016-11-15 01:00:00,63.86055603020921
2016-11-15 02:00:00,59.17753181260566
2016-11-15 03:00:00,57.07035241255544
2016-11-15 04:00:00,65.43313841054322
2016-11-15 05:00:00,80.75636521829732
2016-11-15 06:00:00,87.89785965601077
2016-11-15 07:00:00,88.96699510057731
2016-11-15 08:00:00,96.95620741020791
2016-11-15 09:00:00,106.35975665407392
2016-11-15 10:00:00,113.19016005567008
2016-11-15 11:00:00,112.60362583420195
2016-11-15 12:00:00,117.42566037301998
2016-11-15 13:00:00,117.56161378225819
2016-11-15 14:00:00,115.88182435959162
2016-11-15 15:00:00,119.74401676526955
2016-11-15 16:00:00,117.32427728068295
2016-11-15 17:00:00,118.42181600543705
2016-11-15 18:00:00,117.99150547042689
2016-11-15 19:00:00,106.76533185518679
2016-11-15 20:00:00,83.63698213529382
2016-11-15 21:00:00,67.21679246641291
2016-11-15 22:00:00,61.600329730717654
2016-11-15 23:00:00,58.965295966182374
2016-11-16 00:00:00,53.61233659732608
2016-11-16 01:00:00,56.722054719610036
2016-11-16 02:00:00,57.15462364153449
2016-11-16 03:00:00,56.701967280163196
2016-11-16 04:00:00,66.05442896751727
2016-11-16 05:00:00,84.27778238646093
2016-11-16 06:00:00,87.42051309344083
2016-11-16 07:00:00,91.23568888774567
2016-11-16 08:00:00,103.11829745212621
2016-11-16 09:00:00,108.83832624251782
2016-11-16 10:00:00,115.58323433219773
2016-11-16 11:00:00,118.19671350639729
2016-11-16 12:00:00,120.82028520345845
2016-11-16 13:00:00,117.78524750437514
2016-11-16 14:00:00,118.98404007222861
2016-11-16 15:00:00,123.6239575989844
2016-11-16 16:00:00,116.84024772620296
2016-11-16 17:00:00,114.83895878771776
2016-11-16 18:00:00,114.2967966128826
2016-11-16 19:00:00,105.4048565142541
2016-11-16 20:00:00,85.8154417692691
2016-11-16 21:00:00,69.24995982542312
2016-11-16 22:00:00,64.41724404554425
2016-11-16 23:00:00,63.59024001732706
2016-11-17 00:00:00,58.91715344734422
2016-11-17 01:00:00,56.92938561818683
2016-11-17 02:00:00,58.97483070305035
2016-11-17 03:00:00,57.865710156329925
2016-11-17 04:00:00,65.5964453989168
2016-11-17 05:00:00,82.36717546881623
2016-11-17 06:00:00,83.57406913365725
2016-11-17 07:00:00,86.94664001270824
2016-11-17 08:00:00,94.85108987592912
2016-11-17 09:00:00,100.7098186992381
2016-11-17 10:00:00,105.75832711244381
2016-11-17 11:00:00,110.99587030529399
2016-11-17 12:00:00,116.99716191992097
2016-11-17 13:00:00,117.33010971879956
2016-11-17 14:00:00,118.85755010066202
2016-11-17 15:00:00,123.21557032424656
2016-11-17 16:00:00,116.80140061284392
2016-11-17 17:00:00,113.94136930453236
2016-11-17 18:00:00,110.7822790088136
2016-11-17 19:00:00,93.95233257841014
2016-11-17 20:00:00,74.05767502512829
2016-11-17 21:00:00,58.34241634679267
2016-11-17 22:00:00,55.40206668782921
2016-11-17 23:00:00,56.650110715758004
2016-11-18 00:00:00,54.576497131023366
2016-11-18 01:00:00,57.495946873556925
2016-11-18 02:00:00,62.55329900341305
2016-11-18 03:00:00,65.40546582559648
2016-11-18 04:00:00,73.20028292703381
2016-11-18 05:00:00,88.27360988381767
2016-11-18 06:00:00,91.70382636018888
2016-11-18 07:00:00,92.77021485315672
2016-11-18 08:00:00,100.6194058393781
2016-11-18 09:00:00,106.73164085432633
2016-11-18 10:00:00,113.05918198360021
2016-11-18 11:00:00,117.58891081714856
2016-11-18 12:00:00,119.27138081108659
2016-11-18 13:00:00,118.37570818731577
2016-11-18 14:00:00,119.47314338460959
2016-11-18 15:00:00,119.93246949906003
2016-11-18 16:00:00,117.02077457174659
2016-11-18 17:00:00,114.5006777132092
2016-11-18 18:00:00,107.42081841853438
2016-11-18 19:00:00,98.63229047985406
2016-11-18 20:00:00,84.52952368723973
2016-11-18 21:00:00,65.14865478622849
2016-11-18 22:00:00,59.453119148429906
2016-11-18 23:00:00,61.39847411412276
2016-11-19 00:00:00,59.564501553898644
2016-11-19 01:00:00,58.49592067024506
2016-11-19 02:00:00,57.79358808563321
2016-11-19 03:00:00,57.96099695284682
2016-11-19 04:00:00,63.38233048435843
2016-11-19 05:00:00,79.25475483832547
2016-11-19 06:00:00,84.65188873640162
2016-11-19 07:00:00,87.92703738453892
2016-11-19 08:00:00,91.40846511984188
2016-11-19 09:00:00,93.3734193177735
2016-11-19 10:00:00,96.79168351092518
2016-11-19 11:00:00,101.14384405728735
2016-11-19 12:00:00,99.83354745812603
2016-11-19 13:00:00,98.46593946210342
2016-11-19 14:00:00,98.53788948947057
2016-11-19 15:00:00,99.4286792002616
2016-11-19 16:00:00,99.37916862246705
2016-11-19 17:00:00,97.97115065717215
2016-11-19 18:00:00,96.56833134123023
2016-11-19 19:00:00,88.03484970005216
2016-11-19 20:00:00,78.64772334672323
2016-11-19 21:00:00,65.01710300683705
2016-11-19 22:00:00,57.64872609474952
2016-11-19 23:00:00,55.858773514627906
2016-11-20 00:00:00,54.35113042230432
2016-11-20 01:00:00,56.43833946685366
2016-11-20 02:00:00,59.765973064557414
2016-11-20 03:00:00,57.395243200990315
2016-11-20 04:00:00,58.3711887968717
2016-11-20 05:00:00,63.50588994433829
2016-11-20 06:00:00,64.5310406217816
2016-11-20 07:00:00,67.1888021367167
2016-11-20 08:00:00,73.94714205934152
2016-11-20 09:00:00,75.23390282030641
2016-11-20 10:00:00,76.31651313059665
2016-11-20 11:00:00,78.70833691792808
2016-11-20 12:00:00,75.02560222232329
2016-11-20 13:00:00,76.33394477929856
2016-11-20 14:00:00,75.55505932331037
2016-11-20 15:00:00,75.02629487960924
2016-11-20 16:00:00,70.59444522229813
2016-11-20 17:00:00,62.43150146570498
2016-11-20 18:00:00,59.63595613332802
2016-11-20 19:00:00,57.08866953459271
2016-11-20 20:00:00,59.46648603964667
2016-11-20 21:00:00,54.371917140380035
2016-11-20 22:00:00,59.04185034848968
2016-11-20 23:00:00,62.25825596367277
2016-11-21 00:00:00,64.84880042324559
2016-11-21 01:00:00,63.061699183870964
2016-11-21 02:00:00,62.590864466926085
2016-11-21 03:00:00,58.277522700344775
2016-11-21 04:00:00,60.607841791923406
2016-11-21 05:00:00,70.45240949717795
2016-11-21 06:00:00,76.84453434405034
2016-11-21 07:00:00,82.94071514850296
2016-11-21 08:00:00,89.64481087931647
2016-11-21 09:00:00,96.13743774962418
2016-11-21 10:00:00,100.31530192099773
2016-11-21 11:00:00,105.87703385456237
2016-11-21 12:00:00,107.2895477564701
2016-11-21 13:00:00,109.68579331087939
2016-11-21 14:00:00,111.44846354364357
2016-11-21 15:00:00,112.93997384886407
2016-11-21 16:00:00,112.14003142103348
2016-11-21 17:00:00,114.50581057211662
2016-11-21 18:00:00,112.42430929562092
2016-11-21 19:00:00,105.37923521344477
2016-11-21 20:00:00,95.66337035232925
2016-11-21 21:00:00,73.04281146015092
2016-11-21 22:00:00,65.76245735766591
2016-11-21 23:00:00,64.96526674619248
2016-11-22 00:00:00,60.636549805113226
2016-11-22 01:00:00,58.62183576245211
2016-11-22 02:00:00,60.27430845243111
2016-11-22 03:00:00,60.517557973370906
2016-11-22 04:00:00,68.37503339285769
2016-11-22 05:00:00,88.25039975884154
2016-11-22 06:00:00,93.1012867542408
2016-11-22 07:00:00,93.70036571298634
2016-11-22 08:00:00,99.20883983279592
2016-11-22 09:00:00,105.16563849727063
2016-11-22 10:00:00,110.27387670917484
2016-11-22 11:00:00,117.1326563374301
2016-11-22 12:00:00,117.8466217131771
2016-11-22 13:00:00,119.1948211202182
2016-11-22 14:00:00,118.74101130001307
2016-11-22 15:00:00,118.4199570842975
2016-11-22 16:00:00,117.62543934631688
2016-11-22 17:00:00,117.32027679564963
2016-11-22 18:00:00,113.1253888253404
2016-11-22 19:00:00,105.49617268728386
2016-11-22 20:00:00,97.66729818905523
2016-11-22 21:00:00,69.58492424892366
2016-11-22 22:00:00,61.085311632730836
2016-11-22 23:00:00,60.285258712889984
2016-11-23 00:00:00,58.50160584387804
2016-11-23 01:00:00,57.84562884843001
2016-11-23 02:00:00,61.55077095755424
2016-11-23 03:00:00,64.16831485930652
2016-11-23 04:00:00,70.86393225906986
2016-11-23 05:00:00,85.02052503961626
2016-11-23 06:00:00,91.84291488850535
2016-11-23 07:00:00,95.0801324483974
2016-11-23 08:00:00,103.3832799472812
2016-11-23 09:00:00,107.898869459941
2016-11-23 10:00:00,110.79416716097074
2016-11-23 11:00:00,116.3431680465376
2016-11-23 12:00:00,115.26967862880436
2016-11-23 13:00:00,113.59861116846153
2016-11-23 14:00:00,115.39193036378164
2016-11-23 15:00:00,116.4065251123041
2016-11-23 16:00:00,114.81525163546357
2016-11-23 17:00:00,112.07328552709114
2016-11-23 18:00:00,107.62323274815965
2016-11-23 19:00:00,102.63304697181191
2016-11-23 20:00:00,89.29205669534021
2016-11-23 21:00:00,65.69779678732819
2016-11-23 22:00:00,60.02798340300458
2016-11-23 23:00:00,62.6468750416615
2016-11-24 00:00:00,60.83876349824408
2016-11-24 01:00:00,59.96721416016714
2016-11-24 02:00:00,63.70896321089681
2016-11-24 03:00:00,63.587818380259414
2016-11-24 04:00:00,68.60440317941543
2016-11-24 05:00:00,86.47411530547643
2016-11-24 06:00:00,91.97458977080149
2016-11-24 07:00:00,93.05676910018609
2016-11-24 08:00:00,99.54606717610078
2016-11-24 09:00:00,100.71634478584372
2016-11-24 10:00:00,102.48990041070313
2016-11-24 11:00:00,103.63831536631626
2016-11-24 12:00:00,101.31654811076702
2016-11-24 13:00:00,100.67595343515327
2016-11-24 14:00:00,101.31391869663288
2016-11-24 15:00:00,100.65159072055586
2016-11-24 16:00:00,95.75194316576902
2016-11-24 17:00:00,95.20177271181255
2016-11-24 18:00:00,91.71208789376605
2016-11-24 19:00:00,85.53534140507087
2016-11-24 20:00:00,80.38517212440651
2016-11-24 21:00:00,71.68232591548498
2016-11-24 22:00:00,63.17705134399018
2016-11-24 23:00:00,61.20677731034145
2016-11-25 00:00:00,61.806088535098446
2016-11-25 01:00:00,62.961592105178056
2016-11-25 02:00:00,65.07020934435556
2016-11-25 03:00:00,65.70703793045502
2016-11-25 04:00:00,68.36508398965955
2016-11-25 05:00:00,80.26848139205916
2016-11-25 06:00:00,86.44278301220686
2016-11-25 07:00:00,88.35497447317783
2016-11-25 08:00:00,92.48541038635679
2016-11-25 09:00:00,93.53366917965775
2016-11-25 10:00:00,95.31010025904249
2016-11-25 11:00:00,97.38693581325772
2016-11-25 12:00:00,96.99683204095392
2016-11-25 13:00:00,95.07579875278797
2016-11-25 14:00:00,94.61359403438726
2016-11-25 15:00:00,92.16197699427731
2016-11-25 16:00:00,88.1970608047618
2016-11-25 17:00:00,87.85660961381028
2016-11-25 18:00:00,83.60792432554145
2016-11-25 19:00:00,78.18485545842299
2016-11-25 20:00:00,72.9432957401761
2016-11-25 21:00:00,64.15777741956184
2016-11-25 22:00:00,60.63175413448235
2016-11-25 23:00:00,59.30714688077437
2016-11-26 00:00:00,59.72878716359339
2016-11-26 01:00:00,58.335600928311194
2016-11-26 02:00:00,59.59947280977328
2016-11-26 03:00:00,60.13228463495055
2016-11-26 04:00:00,63.37275037890475
2016-11-26 05:00:00,74.00767896539405
2016-11-26 06:00:00,79.37932907822756
2016-11-26 07:00:00,81.81738293907844
2016-11-26 08:00:00,84.97072089965508
2016-11-26 09:00:00,86.98446644058521
2016-11-26 10:00:00,89.46198093803066
2016-11-26 11:00:00,91.22324529454153
2016-11-26 12:00:00,91.1796475227906
2016-11-26 13:00:00,89.98116030599273
2016-11-26 14:00:00,92.1154903177952
2016-11-26 15:00:00,92.34456918637379
2016-11-26 16:00:00,91.4931391542331
2016-11-26 17:00:00,89.1653581819867
2016-11-26 18:00:00,88.89561886233182
2016-11-26 19:00:00,86.33365556875512
2016-11-26 20:00:00,81.87329780218154
2016-11-26 21:00:00,74.75382787153362
2016-11-26 22:00:00,68.17859320110419
2016-11-26 23:00:00,64.47150064686143
2016-11-27 00:00:00,63.80671051900578
2016-11-27 01:00:00,63.43943635466376
2016-11-27 02:00:00,66.16835116559692
2016-11-27 03:00:00,63.45467505114084
2016-11-27 04:00:00,64.72437434046684
2016-11-27 05:00:00,70.2533235801765
2016-11-27 06:00:00,70.4100655106928
2016-11-27 07:00:00,69.77274484101433
2016-11-27 08:00:00,73.78107879660685
2016-11-27 09:00:00,73.84519171872455
2016-11-27 10:00:00,72.86106941702482
2016-11-27 11:00:00,74.56943917924588
2016-11-27 12:00:00,73.02479055136183
2016-11-27 13:00:00,74.06011770281935
2016-11-27 14:00:00,74.09152871067919
2016-11-27 15:00:00,73.23153746687245
2016-11-27 16:00:00,67.9174798668519
2016-11-27 17:00:00,62.46703411941649
2016-11-27 18:00:00,63.342414602072076
2016-11-27 19:00:00,64.52208723551867
2016-11-27 20:00:00,64.27958857408288
2016-11-27 21:00:00,60.403245951038954
2016-11-27 22:00:00,61.6501768855511
2016-11-27 23:00:00,64.63173419670902
2016-11-28 00:00:00,63.311095043365334
2016-11-28 01:00:00,61.44958481937753
2016-11-28 02:00:00,61.84908448040738
2016-11-28 03:00:00,60.104307752595275
2016-11-28 04:00:00,62.88701576979986
2016-11-28 05:00:00,70.95797453491406
2016-11-28 06:00:00,75.45202608703089
2016-11-28 07:00:00,82.97976662342857
2016-11-28 08:00:00,91.03875490343944
2016-11-28 09:00:00,94.21370431631212
2016-11-28 10:00:00,97.09304016711616
2016-11-28 11:00:00,100.49916736505793
2016-11-28 12:00:00,100.40803025106742
2016-11-28 13:00:00,102.13556854087362
2016-11-28 14:00:00,104.84859529579072
2016-11-28 15:00:00,106.61517470402808
2016-11-28 16:00:00,103.04483618810006
2016-11-28 17:00:00,102.88821949597431
2016-11-28 18:00:00,104.627411006415
2016-11-28 19:00:00,99.52485979025812
2016-11-28 20:00:00,93.38696234005722
2016-11-28 21:00:00,79.22467952511269
2016-11-28 22:00:00,69.09312129350941
2016-11-28 23:00:00,69.71728649709313
2016-11-29 00:00:00,66.3236985609119
2016-11-29 01:00:00,64.01637395919397
2016-11-29 02:00:00,66.88672996471448
2016-11-29 03:00:00,67.30198154538357
2016-11-29 04:00:00,71.57644508041099
2016-11-29 05:00:00,83.2263495369111
2016-11-29 06:00:00,88.41032524968693
2016-11-29 07:00:00,91.4433769234078
2016-11-29 08:00:00,98.86640257060809
2016-11-29 09:00:00,104.99910197125367
2016-11-29 10:00:00,110.05440790709768
2016-11-29 11:00:00,113.77913404837992
2016-11-29 12:00:00,112.15984098167215
2016-11-29 13:00:00,113.03800190515275
2016-11-29 14:00:00,114.11290225280482
2016-11-29 15:00:00,113.5165609878961
2016-11-29 16:00:00,110.48196033981928
2016-11-29 17:00:00,107.53881459453552
2016-11-29 18:00:00,105.02812026879074
2016-11-29 19:00:00,97.18919367294795
2016-11-29 20:00:00,87.31032341693393
2016-11-29 21:00:00,70.4185701797903
2016-11-29 22:00:00,61.2556913007705
2016-11-29 23:00:00,61.58957756504471
2016-11-30 00:00:00,58.86524208309758
2016-11-30 01:00:00,60.97526325582381
2016-11-30 02:00:00,66.06556255516448
2016-11-30 03:00:00,68.74287457126113
2016-11-30 04:00:00,75.44772074150325
2016-11-30 05:00:00,88.33209607506595
2016-11-30 06:00:00,93.0977549343699
2016-11-30 07:00:00,94.2452645687487
2016-11-30 08:00:00,100.63171613786176
2016-11-30 09:00:00,106.04388259044636
2016-11-30 10:00:00,110.53326991268898
2016-11-30 11:00:00,113.45516874828995
2016-11-30 12:00:00,112.35029702859954
2016-11-30 13:00:00,111.58992064696977
2016-11-30 14:00:00,112.95244173818206
2016-11-30 15:00:00,112.56141754492546
2016-11-30 16:00:00,107.3642634485249
2016-11-30 17:00:00,103.9630396748373
2016-11-30 18:00:00,98.76733447723565
2016-11-30 19:00:00,94.00629947795922
2016-11-30 20:00:00,85.19305507396264
2016-11-30 21:00:00,69.78911864008808
2016-11-30 22:00:00,61.051339998429576
2016-11-30 23:00:00,60.841786498102074
2016-12-01 00:00:00,62.7142578686164
2016-12-01 01:00:00,62.95782602187931
2016-12-01 02:00:00,66.00496000935215
2016-12-01 03:00:00,68.14956085844406
2016-12-01 04:00:00,70.8255646050666
2016-12-01 05:00:00,84.2600198117672
2016-12-01 06:00:00,86.1094218088069
2016-12-01 07:00:00,86.52792995155296
2016-12-01 08:00:00,95.04253639824705
2016-12-01 09:00:00,101.14031062226002
2016-12-01 10:00:00,107.4732759222841
2016-12-01 11:00:00,111.90189921175585
2016-12-01 12:00:00,111.66549363525142
2016-12-01 13:00:00,113.09929568837643
2016-12-01 14:00:00,113.9406695047133
2016-12-01 15:00:00,119.38710761775879
2016-12-01 16:00:00,118.66859484628192
2016-12-01 17:00:00,114.8228736492857
2016-12-01 18:00:00,105.7189950660118
2016-12-01 19:00:00,95.5382352209834
2016-12-01 20:00:00,87.65848423154476
2016-12-01 21:00:00,74.80744573712155
2016-12-01 22:00:00,65.94422223684599
2016-12-01 23:00:00,66.09455787833258
2016-12-02 00:00:00,65.94009012016345
2016-12-02 01:00:00,68.44494353322936
2016-12-02 02:00:00,72.49161651305491
2016-12-02 03:00:00,75.46665267229017
2016-12-02 04:00:00,81.50919061894031
2016-12-02 05:00:00,94.09112060856052
2016-12-02 06:00:00,94.67177747495852
2016-12-02 07:00:00,96.18916968584293
2016-12-02 08:00:00,102.508006028477
2016-12-02 09:00:00,107.18851976609096
2016-12-02 10:00:00,110.25714813834352
2016-12-02 11:00:00,115.25067385777191
2016-12-02 12:00:00,117.68820455555073
2016-12-02 13:00:00,115.1400841631677
2016-12-02 14:00:00,114.762126072569
2016-12-02 15:00:00,114.87663610414427
2016-12-02 16:00:00,113.21995172053322
2016-12-02 17:00:00,109.70102982403478
2016-12-02 18:00:00,101.98206745848547
2016-12-02 19:00:00,95.26509416088336
2016-12-02 20:00:00,85.90059198144156
2016-12-02 21:00:00,69.01077523522943
2016-12-02 22:00:00,61.98475027175307
2016-12-02 23:00:00,59.99510792517631
2016-12-03 00:00:00,59.677701920659736
2016-12-03 01:00:00,59.46110188017918
2016-12-03 02:00:00,60.888994041616776
2016-12-03 03:00:00,59.74757856609462
2016-12-03 04:00:00,62.149106542815616
2016-12-03 05:00:00,79.15760876419556
2016-12-03 06:00:00,85.91325984369111
2016-12-03 07:00:00,87.32872629250221
2016-12-03 08:00:00,89.26373742623842
2016-12-03 09:00:00,92.5725506845853
2016-12-03 10:00:00,95.95384225189605
2016-12-03 11:00:00,98.21108475529927
2016-12-03 12:00:00,97.44934295716496
2016-12-03 13:00:00,94.5610306163313
2016-12-03 14:00:00,92.50769241244264
2016-12-03 15:00:00,93.55024141228674
2016-12-03 16:00:00,96.48804193920884
2016-12-03 17:00:00,96.85935963991997
2016-12-03 18:00:00,94.90884689074159
2016-12-03 19:00:00,91.9327136647146
2016-12-03 20:00:00,83.0336281099191
2016-12-03 21:00:00,73.69575617532895
2016-12-03 22:00:00,65.15164015476478
2016-12-03 23:00:00,61.51641513084385
2016-12-04 00:00:00,60.17209696472748
2016-12-04 01:00:00,61.65582628107378
2016-12-04 02:00:00,64.95680992506381
2016-12-04 03:00:00,64.52497853081647
2016-12-04 04:00:00,65.29886663848174
2016-12-04 05:00:00,70.89735380172843
2016-12-04 06:00:00,70.52874698397743
2016-12-04 07:00:00,70.15097093385747
2016-12-04 08:00:00,76.73204333427664
2016-12-04 09:00:00,77.2525087821277
2016-12-04 10:00:00,75.9532965014372
2016-12-04 11:00:00,77.24416649133511
2016-12-04 12:00:00,75.78543195487742
2016-12-04 13:00:00,74.96414630254702
2016-12-04 14:00:00,74.01284528398942
2016-12-04 15:00:00,74.42257705587815
2016-12-04 16:00:00,69.64975150035063
2016-12-04 17:00:00,65.19123413566327
2016-12-04 18:00:00,66.48381144526707
2016-12-04 19:00:00,64.57971349765202
2016-12-04 20:00:00,63.67563567808865
2016-12-04 21:00:00,61.29025128312822
2016-12-04 22:00:00,62.46057244069852
2016-12-04 23:00:00,66.44593239543187
2016-12-05 00:00:00,67.11352471432063
2016-12-05 01:00:00,64.41793620146238
2016-12-05 02:00:00,63.953648691246606
2016-12-05 03:00:00,62.69033181332596
2016-12-05 04:00:00,67.28978716537559
2016-12-05 05:00:00,77.1771495367365
2016-12-05 06:00:00,82.64282124877074
2016-12-05 07:00:00,87.20433768562167
2016-12-05 08:00:00,90.85383348122157
2016-12-05 09:00:00,95.56515290478755
2016-12-05 10:00:00,98.43278407949437
2016-12-05 11:00:00,101.91345529813009
2016-12-05 12:00:00,101.9243204063286
2016-12-05 13:00:00,103.91523223350671
2016-12-05 14:00:00,105.19573437189656
2016-12-05 15:00:00,107.45048955847658
2016-12-05 16:00:00,107.6259176786417
2016-12-05 17:00:00,108.70292130379194
2016-12-05 18:00:00,109.41524262837919
2016-12-05 19:00:00,100.49093073232072
2016-12-05 20:00:00,92.81049645223537
2016-12-05 21:00:00,77.24034934532878
2016-12-05 22:00:00,67.62738379929652
2016-12-05 23:00:00,67.00388480031472
2016-12-06 00:00:00,65.21269542142835
2016-12-06 01:00:00,62.05541286455626
2016-12-06 02:00:00,65.23962076911809
2016-12-06 03:00:00,65.61377563759201
2016-12-06 04:00:00,72.71516987604485
2016-12-06 05:00:00,86.85677085276487
2016-12-06 06:00:00,91.14417036288386
2016-12-06 07:00:00,92.5627520141113
2016-12-06 08:00:00,97.38692254445193
2016-12-06 09:00:00,104.32416938932151
2016-12-06 10:00:00,107.23343753955449
2016-12-06 11:00:00,113.02806888306802
2016-12-06 12:00:00,113.94650007462033
2016-12-06 13:00:00,115.43834640431814
2016-12-06 14:00:00,115.96173273171372
2016-12-06 15:00:00,115.46446713647366
2016-12-06 16:00:00,111.26661771275117
2016-12-06 17:00:00,109.91569750977024
2016-12-06 18:00:00,108.79693047041536
2016-12-06 19:00:00,101.71022116614066
2016-12-06 20:00:00,92.33721135646427
2016-12-06 21:00:00,69.16272802891653
2016-12-06 22:00:00,61.007330831354096
2016-12-06 23:00:00,59.88486672198307
2016-12-07 00:00:00,58.31075001186122
2016-12-07 01:00:00,58.363181899211106
2016-12-07 02:00:00,66.03908986759639
2016-12-07 03:00:00,68.59729134159468
2016-12-07 04:00:00,73.8486744018053
2016-12-07 05:00:00,85.00530942034085
2016-12-07 06:00:00,90.85946679431376
2016-12-07 07:00:00,93.47249516444617
2016-12-07 08:00:00,99.52579863775905
2016-12-07 09:00:00,104.52930506686785
2016-12-07 10:00:00,109.1132102375719
2016-12-07 11:00:00,112.7843647659791
2016-12-07 12:00:00,113.49064223661993
2016-12-07 13:00:00,112.35894226373303
2016-12-07 14:00:00,115.04021305963883
2016-12-07 15:00:00,114.91786957730183
2016-12-07 16:00:00,111.28844140689993
2016-12-07 17:00:00,109.53401836251315
2016-12-07 18:00:00,107.40553386875281
2016-12-07 19:00:00,102.2123156989643
2016-12-07 20:00:00,93.3118633734263
2016-12-07 21:00:00,76.8963989174957
2016-12-07 22:00:00,64.26003592204337
2016-12-07 23:00:00,63.801928655757635
2016-12-08 00:00:00,64.15106257038975
2016-12-08 01:00:00,63.3079318145988
2016-12-08 02:00:00,68.86258243136497
2016-12-08 03:00:00,70.18955304904854
2016-12-08 04:00:00,74.52447988259546
2016-12-08 05:00:00,86.60247575574
2016-12-08 06:00:00,91.55817198984785
2016-12-08 07:00:00,93.16643247958008
2016-12-08 08:00:00,101.02462409286154
2016-12-08 09:00:00,107.61085114941359
2016-12-08 10:00:00,115.64329298080777
2016-12-08 11:00:00,119.65318848740161
2016-12-08 12:00:00,118.75897834952514
2016-12-08 13:00:00,116.48403327739305
2016-12-08 14:00:00,118.70702871059756
2016-12-08 15:00:00,121.22984975761413
2016-12-08 16:00:00,116.70330643696995
2016-12-08 17:00:00,113.44236321064571
2016-12-08 18:00:00,108.63832260356737
2016-12-08 19:00:00,100.74768328522659
2016-12-08 20:00:00,92.22979046658483
2016-12-08 21:00:00,77.64831020985807
2016-12-08 22:00:00,67.32653186479385
2016-12-08 23:00:00,66.4513533375968
2016-12-09 00:00:00,64.46149235089669
2016-12-09 01:00:00,66.4773580751019
2016-12-09 02:00:00,72.48417011399519
2016-12-09 03:00:00,73.09566934730593
2016-12-09 04:00:00,78.55482324902628
2016-12-09 05:00:00,90.12971791919426
2016-12-09 06:00:00,93.43643310864503
2016-12-09 07:00:00,95.25034125279552
2016-12-09 08:00:00,101.42829166330796
2016-12-09 09:00:00,108.29138773086518
2016-12-09 10:00:00,114.96891779278289
2016-12-09 11:00:00,120.35439088306754
2016-12-09 12:00:00,121.4676390592162
2016-12-09 13:00:00,119.55728513524431
2016-12-09 14:00:00,119.4456509558573
2016-12-09 15:00:00,120.47670386446057
2016-12-09 16:00:00,117.19381959077857
2016-12-09 17:00:00,114.35720759259826
2016-12-09 18:00:00,105.70426119754423
2016-12-09 19:00:00,97.02252856295354
2016-12-09 20:00:00,86.3991741126054
2016-12-09 21:00:00,67.4353165239618
2016-12-09 22:00:00,61.85210498783656
2016-12-09 23:00:00,60.10394963698495
2016-12-10 00:00:00,60.51383839060774
2016-12-10 01:00:00,59.66542151902393
2016-12-10 02:00:00,61.28934607510928
2016-12-10 03:00:00,61.04127046014526
2016-12-10 04:00:00,61.62331617343468
2016-12-10 05:00:00,78.6923486556797
2016-12-10 06:00:00,84.1003385502419
2016-12-10 07:00:00,89.47083940441465
2016-12-10 08:00:00,92.36288810926796
2016-12-10 09:00:00,93.62218524626682
2016-12-10 10:00:00,96.51014406999116
2016-12-10 11:00:00,98.92474821274263
2016-12-10 12:00:00,98.64025665799919
2016-12-10 13:00:00,97.40828253144495
2016-12-10 14:00:00,96.89287568650984
2016-12-10 15:00:00,97.86208135676479
2016-12-10 16:00:00,98.87335789746705
2016-12-10 17:00:00,99.33874775222178
2016-12-10 18:00:00,98.9456126496687
2016-12-10 19:00:00,93.63465591835572
2016-12-10 20:00:00,85.49144363538942
2016-12-10 21:00:00,70.6546292219848
2016-12-10 22:00:00,59.87310740518787
2016-12-10 23:00:00,57.86561317594915
2016-12-11 00:00:00,56.37147986725497
2016-12-11 01:00:00,56.93017900884968
2016-12-11 02:00:00,61.15075417796008
2016-12-11 03:00:00,61.167597448572174
2016-12-11 04:00:00,61.27890015199392
2016-12-11 05:00:00,66.57784245771089
2016-12-11 06:00:00,66.29296784095374
2016-12-11 07:00:00,68.7953084901868
2016-12-11 08:00:00,76.10625286109016
2016-12-11 09:00:00,76.7967217872569
2016-12-11 10:00:00,76.19615061796841
2016-12-11 11:00:00,77.56386423097733
2016-12-11 12:00:00,75.96487063294164
2016-12-11 13:00:00,75.49035702019786
2016-12-11 14:00:00,74.2612160132957
2016-12-11 15:00:00,74.41407130264292
2016-12-11 16:00:00,67.91665942471998
2016-12-11 17:00:00,61.29278667413404
2016-12-11 18:00:00,61.230622062108225
2016-12-11 19:00:00,60.23592422786174
2016-12-11 20:00:00,60.52140390083993
2016-12-11 21:00:00,56.35939623872108
2016-12-11 22:00:00,59.79248649381701
2016-12-11 23:00:00,63.155876926491665
2016-12-12 00:00:00,64.83882502719507
2016-12-12 01:00:00,63.28494292978758
2016-12-12 02:00:00,63.47417447717071
2016-12-12 03:00:00,59.088823725211356
2016-12-12 04:00:00,61.63856459090124
2016-12-12 05:00:00,72.28806028093925
2016-12-12 06:00:00,78.91389052087236
2016-12-12 07:00:00,85.04910987644473
2016-12-12 08:00:00,91.63964941329647
2016-12-12 09:00:00,99.16788492539811
2016-12-12 10:00:00,102.56578849130985
2016-12-12 11:00:00,107.6769481196471
2016-12-12 12:00:00,107.75004998287307
2016-12-12 13:00:00,107.73342717596175
2016-12-12 14:00:00,107.28337682076557
2016-12-12 15:00:00,107.68861523295648
2016-12-12 16:00:00,105.779401490231
2016-12-12 17:00:00,107.75990769158396
2016-12-12 18:00:00,108.1246705898626
2016-12-12 19:00:00,99.42904788661696
2016-12-12 20:00:00,90.84720666662403
2016-12-12 21:00:00,69.7539965403695
2016-12-12 22:00:00,64.2551611170986
2016-12-12 23:00:00,65.38482371910455
2016-12-13 00:00:00,62.42163314365131
2016-12-13 01:00:00,60.66213598088102
2016-12-13 02:00:00,62.28756103527956
2016-12-13 03:00:00,62.25891802733769
2016-12-13 04:00:00,69.71235913600785
2016-12-13 05:00:00,85.5289101403824
2016-12-13 06:00:00,90.91994120201781
2016-12-13 07:00:00,93.43567267866955
2016-12-13 08:00:00,100.67277265040485
2016-12-13 09:00:00,108.24436950130001
2016-12-13 10:00:00,113.16063885094836
2016-12-13 11:00:00,120.0768081926267
2016-12-13 12:00:00,120.41229199143484
2016-12-13 13:00:00,120.80129371321169
2016-12-13 14:00:00,120.98105310604592
2016-12-13 15:00:00,119.68434240497788
2016-12-13 16:00:00,115.00703599912171
2016-12-13 17:00:00,113.51497511926651
2016-12-13 18:00:00,114.38932409615963
2016-12-13 19:00:00,106.15209928095237
2016-12-13 20:00:00,95.27448208423621
2016-12-13 21:00:00,69.7700933014167
2016-12-13 22:00:00,62.45471741853903
2016-12-13 23:00:00,63.57296615290598
2016-12-14 00:00:00,60.30649824447263
2016-12-14 01:00:00,58.83364522311025
2016-12-14 02:00:00,63.818279035686345
2016-12-14 03:00:00,65.67998733553877
2016-12-14 04:00:00,71.121423482938
2016-12-14 05:00:00,84.43547718811908
2016-12-14 06:00:00,90.26078743094764
2016-12-14 07:00:00,93.22709100267419
2016-12-14 08:00:00,101.97709023069731
2016-12-14 09:00:00,107.39939866794266
2016-12-14 10:00:00,111.87215371935827
2016-12-14 11:00:00,118.64551125178615
2016-12-14 12:00:00,118.23226675350249
2016-12-14 13:00:00,117.34986791291954
2016-12-14 14:00:00,118.92975098729774
2016-12-14 15:00:00,119.56238585465248
2016-12-14 16:00:00,116.73620686037536
2016-12-14 17:00:00,114.23983480925347
2016-12-14 18:00:00,110.53053133111628
2016-12-14 19:00:00,104.88016015548145
2016-12-14 20:00:00,92.48722908683516
2016-12-14 21:00:00,69.43584109956564
2016-12-14 22:00:00,61.7496616908898
2016-12-14 23:00:00,61.80046168432007
2016-12-15 00:00:00,60.29644625561905
2016-12-15 01:00:00,59.36589025310331
2016-12-15 02:00:00,63.321733937703264
2016-12-15 03:00:00,63.881532173232394
2016-12-15 04:00:00,67.55304963987125
2016-12-15 05:00:00,84.90789343607487
2016-12-15 06:00:00,90.52128686885604
2016-12-15 07:00:00,90.51215898722201
2016-12-15 08:00:00,99.83357205984176
2016-12-15 09:00:00,106.84914897709169
2016-12-15 10:00:00,112.62654967158224
2016-12-15 11:00:00,116.65452003992843
2016-12-15 12:00:00,121.70126359845905
2016-12-15 13:00:00,123.96906566882159
2016-12-15 14:00:00,125.18783893059947
2016-12-15 15:00:00,130.32307905190848
2016-12-15 16:00:00,127.57379989372559
2016-12-15 17:00:00,121.03054236697693
2016-12-15 18:00:00,113.63704292923379
2016-12-15 19:00:00,103.8567319616511
2016-12-15 20:00:00,91.57703433759877
2016-12-15 21:00:00,72.8730129187665
2016-12-15 22:00:00,63.28419588063949
2016-12-15 23:00:00,62.92998123861292
2016-12-16 00:00:00,59.65380088752425
2016-12-16 01:00:00,61.17933012499319
2016-12-16 02:00:00,68.0900053458796
2016-12-16 03:00:00,70.23124623550531
2016-12-16 04:00:00,76.34344539984487
2016-12-16 05:00:00,91.68575831430911
2016-12-16 06:00:00,93.57221021497053
2016-12-16 07:00:00,92.57238054434238
2016-12-16 08:00:00,99.53076320776746
2016-12-16 09:00:00,106.08408533553842
2016-12-16 10:00:00,113.14455463919006
2016-12-16 11:00:00,118.8286309618441
2016-12-16 12:00:00,120.50769813694548
2016-12-16 13:00:00,120.15516214782302
2016-12-16 14:00:00,119.44348657412263
2016-12-16 15:00:00,119.8447111862252
2016-12-16 16:00:00,116.99577437661853
2016-12-16 17:00:00,114.16946043948836
2016-12-16 18:00:00,106.87971611125775
2016-12-16 19:00:00,96.79428078608193
2016-12-16 20:00:00,83.56282406769729
2016-12-16 21:00:00,64.82747573530465
2016-12-16 22:00:00,60.56756867031154
2016-12-16 23:00:00,58.99656771902728
2016-12-17 00:00:00,60.16513998101042
2016-12-17 01:00:00,59.5519990939967
2016-12-17 02:00:00,60.42350885294494
2016-12-17 03:00:00,61.08922870022444
2016-12-17 04:00:00,61.8692024282234
2016-12-17 05:00:00,77.71685279659712
2016-12-17 06:00:00,80.72093527907522
2016-12-17 07:00:00,86.11390443770594
2016-12-17 08:00:00,89.60276957560566
2016-12-17 09:00:00,92.41372278168801
2016-12-17 10:00:00,94.12884958648513
2016-12-17 11:00:00,95.71188719343962
2016-12-17 12:00:00,93.69642154233931
2016-12-17 13:00:00,92.69574645535795
2016-12-17 14:00:00,93.03566588849046
2016-12-17 15:00:00,94.40148365731528
2016-12-17 16:00:00,96.55252877181778
2016-12-17 17:00:00,95.64783905730619
2016-12-17 18:00:00,94.86232269915068
2016-12-17 19:00:00,90.36232917621452
2016-12-17 20:00:00,84.21330186375386
2016-12-17 21:00:00,72.47421472419542
2016-12-17 22:00:00,64.62167516711285
2016-12-17 23:00:00,62.15440020559199
2016-12-18 00:00:00,61.48788685125853
2016-12-18 01:00:00,63.293173340848845
2016-12-18 02:00:00,68.52833589458761
2016-12-18 03:00:00,66.46078278673339
2016-12-18 04:00:00,69.10742158316002
2016-12-18 05:00:00,77.86538203442797
2016-12-18 06:00:00,75.9369517496167
2016-12-18 07:00:00,73.96148698756737
2016-12-18 08:00:00,81.51819655258994
2016-12-18 09:00:00,84.20747887020698
2016-12-18 10:00:00,81.57728213369428
2016-12-18 11:00:00,82.51338430021825
2016-12-18 12:00:00,81.16415720012925
2016-12-18 13:00:00,81.22702299199057
2016-12-18 14:00:00,80.34636962363197
2016-12-18 15:00:00,80.29523619338327
2016-12-18 16:00:00,75.93884438992825
2016-12-18 17:00:00,70.6390232022414
2016-12-18 18:00:00,71.85195741036998
2016-12-18 19:00:00,71.65074459996126
2016-12-18 20:00:00,70.63073292498478
2016-12-18 21:00:00,65.03111215241991
2016-12-18 22:00:00,65.90545618410523
2016-12-18 23:00:00,69.01227663559213
2016-12-19 00:00:00,67.71344899118068
2016-12-19 01:00:00,66.95310601308512
2016-12-19 02:00:00,66.8254143191301
2016-12-19 03:00:00,65.87218753543868
2016-12-19 04:00:00,69.87828361979086
2016-12-19 05:00:00,80.29691865971328
2016-12-19 06:00:00,84.3547613897476
2016-12-19 07:00:00,85.90271282847856
2016-12-19 08:00:00,93.32144556065553
2016-12-19 09:00:00,98.96116547778585
2016-12-19 10:00:00,102.07671117578028
2016-12-19 11:00:00,107.84808555793916
2016-12-19 12:00:00,107.07329042767108
2016-12-19 13:00:00,105.1846015797205
2016-12-19 14:00:00,103.84019785984172
2016-12-19 15:00:00,104.53598728738457
2016-12-19 16:00:00,106.40525609051573
2016-12-19 17:00:00,107.55605631130409
2016-12-19 18:00:00,104.96275963222277
2016-12-19 19:00:00,100.28931644349402
2016-12-19 20:00:00,92.15651654021417
2016-12-19 21:00:00,75.43999209833517
2016-12-19 22:00:00,70.50326587601648
2016-12-19 23:00:00,69.92320128837531
2016-12-20 00:00:00,66.73903462227617
2016-12-20 01:00:00,65.757403784352
2016-12-20 02:00:00,69.60883128973369
2016-12-20 03:00:00,72.90026233815077
2016-12-20 04:00:00,76.84412209105149
2016-12-20 05:00:00,89.44187587767453
2016-12-20 06:00:00,92.5056534211441
2016-12-20 07:00:00,95.66387180713394
2016-12-20 08:00:00,102.17819148457167
2016-12-20 09:00:00,109.35958005409867
2016-12-20 10:00:00,111.09437993423178
2016-12-20 11:00:00,115.0756247304817
2016-12-20 12:00:00,115.99931007731625
2016-12-20 13:00:00,118.1585472139847
2016-12-20 14:00:00,118.97622982703656
2016-12-20 15:00:00,117.9202881862929
2016-12-20 16:00:00,114.01964303498546
2016-12-20 17:00:00,110.02454415337405
2016-12-20 18:00:00,109.19920569936431
2016-12-20 19:00:00,103.00516051891734
2016-12-20 20:00:00,95.06817147445015
2016-12-20 21:00:00,78.37372592188197
2016-12-20 22:00:00,73.70415180103488
2016-12-20 23:00:00,73.71197748028727
2016-12-21 00:00:00,72.39616307273353
2016-12-21 01:00:00,72.65693612521763
2016-12-21 02:00:00,77.87306395871322
2016-12-21 03:00:00,80.56664547990968
2016-12-21 04:00:00,83.08649911161417
2016-12-21 05:00:00,92.93679963432398
2016-12-21 06:00:00,92.24209753336514
2016-12-21 07:00:00,93.63780062050407
2016-12-21 08:00:00,100.83667196482601
2016-12-21 09:00:00,108.15395380026527
2016-12-21 10:00:00,111.6848556232439
2016-12-21 11:00:00,116.6558893845814
2016-12-21 12:00:00,118.68521295995197
2016-12-21 13:00:00,120.79998339982993
2016-12-21 14:00:00,122.86737385265963
2016-12-21 15:00:00,122.00498867855475
2016-12-21 16:00:00,118.34243821132567
2016-12-21 17:00:00,115.74112684842152
2016-12-21 18:00:00,112.11019586262583
2016-12-21 19:00:00,106.07137299153912
2016-12-21 20:00:00,97.37729254577192
2016-12-21 21:00:00,82.8898280497988
2016-12-21 22:00:00,76.12023961037404
2016-12-21 23:00:00,75.65894146636006
2016-12-22 00:00:00,74.003958813802
2016-12-22 01:00:00,75.23051978751954
2016-12-22 02:00:00,79.98894108703145
2016-12-22 03:00:00,82.4461468753918
2016-12-22 04:00:00,85.61533244190299
2016-12-22 05:00:00,93.69528365429154
2016-12-22 06:00:00,93.27454492418428
2016-12-22 07:00:00,94.00688761404462
2016-12-22 08:00:00,104.83388015399436
2016-12-22 09:00:00,111.41615134232306
2016-12-22 10:00:00,115.37248549973387
2016-12-22 11:00:00,118.18268683142942
2016-12-22 12:00:00,118.79709312538286
2016-12-22 13:00:00,119.84779136912609
2016-12-22 14:00:00,121.37405557299068
2016-12-22 15:00:00,119.70098206572023
2016-12-22 16:00:00,114.6517251887597
2016-12-22 17:00:00,110.7883846839217
2016-12-22 18:00:00,106.77889955198792
2016-12-22 19:00:00,101.0954821492787
2016-12-22 20:00:00,94.9771964634394
2016-12-22 21:00:00,86.7667375783043
2016-12-22 22:00:00,84.67397284513432
2016-12-22 23:00:00,82.95619422786999
2016-12-23 00:00:00,83.19823625129841
2016-12-23 01:00:00,85.13820493607655
2016-12-23 02:00:00,87.96403568625989
2016-12-23 03:00:00,90.77857173805485
2016-12-23 04:00:00,93.14372083900655
2016-12-23 05:00:00,101.63962473116358
2016-12-23 06:00:00,105.50271360626049
2016-12-23 07:00:00,107.73513475059347
2016-12-23 08:00:00,114.22983111861075
2016-12-23 09:00:00,117.4949441427512
2016-12-23 10:00:00,118.61210316258321
2016-12-23 11:00:00,120.00586170612188
2016-12-23 12:00:00,117.87096029415534
2016-12-23 13:00:00,116.28563493123951
2016-12-23 14:00:00,113.64450298367302
2016-12-23 15:00:00,111.07737907582701
2016-12-23 16:00:00,109.38658525602246
2016-12-23 17:00:00,105.86046317115276
2016-12-23 18:00:00,101.94952644678239
2016-12-23 19:00:00,97.16559797964258
2016-12-23 20:00:00,92.25042626849007
2016-12-23 21:00:00,86.74056183584352
2016-12-23 22:00:00,82.94500997180789
2016-12-23 23:00:00,78.33627000387305
2016-12-24 00:00:00,76.84923441033413
2016-12-24 01:00:00,79.5227066698392
2016-12-24 02:00:00,80.66110804386989
2016-12-24 03:00:00,81.08661324620545
2016-12-24 04:00:00,82.39535975434313
2016-12-24 05:00:00,86.82063919060289
2016-12-24 06:00:00,89.76878505726506
2016-12-24 07:00:00,92.83228613656219
2016-12-24 08:00:00,96.75742386847708
2016-12-24 09:00:00,99.63641627346041
2016-12-24 10:00:00,100.3507031914925
2016-12-24 11:00:00,101.81956657678634
2016-12-24 12:00:00,100.19271869029961
2016-12-24 13:00:00,98.72176812759622
2016-12-24 14:00:00,99.14275475639073
2016-12-24 15:00:00,98.62291427670468
2016-12-24 16:00:00,98.96876712046222
2016-12-24 17:00:00,101.1639998723243
2016-12-24 18:00:00,101.97266783580316
2016-12-24 19:00:00,98.98015343351913
2016-12-24 20:00:00,93.60150700187174
2016-12-24 21:00:00,85.64861374246819
2016-12-24 22:00:00,79.61883865537484
2016-12-24 23:00:00,76.35717284037632
2016-12-25 00:00:00,75.87803213783901
2016-12-25 01:00:00,79.46214908296955
2016-12-25 02:00:00,82.73189593919393
2016-12-25 03:00:00,81.93789258116732
2016-12-25 04:00:00,82.28109493514289
2016-12-25 05:00:00,82.26511919216004
2016-12-25 06:00:00,82.59186797401209
2016-12-25 07:00:00,86.45105322577645
2016-12-25 08:00:00,93.90660403677629
2016-12-25 09:00:00,99.74639299972054
2016-12-25 10:00:00,103.80971455392844
2016-12-25 11:00:00,105.19735303965618
2016-12-25 12:00:00,102.8631776813019
2016-12-25 13:00:00,105.59025593005155
2016-12-25 14:00:00,105.82601743005031
2016-12-25 15:00:00,104.24489115356718
2016-12-25 16:00:00,100.32993660705137
2016-12-25 17:00:00,99.94248359893952
2016-12-25 18:00:00,95.43782149786391
2016-12-25 19:00:00,92.44370344661002
2016-12-25 20:00:00,88.06178198742847
2016-12-25 21:00:00,78.91602788545917
2016-12-25 22:00:00,75.1272179683974
2016-12-25 23:00:00,72.43306968813565
2016-12-26 00:00:00,71.02033109902747
2016-12-26 01:00:00,71.53910981047736
2016-12-26 02:00:00,72.26604889569525
2016-12-26 03:00:00,72.41422382279217
2016-12-26 04:00:00,76.95414149301098
2016-12-26 05:00:00,86.52658757212482
2016-12-26 06:00:00,92.75272351788203
2016-12-26 07:00:00,95.81813214472422
2016-12-26 08:00:00,102.82572420449492
2016-12-26 09:00:00,107.75030387055538
2016-12-26 10:00:00,109.94703682016744
2016-12-26 11:00:00,111.90183026565002
2016-12-26 12:00:00,112.87834462520757
2016-12-26 13:00:00,113.03538703961671
2016-12-26 14:00:00,111.94923853635348
2016-12-26 15:00:00,115.348207422975
2016-12-26 16:00:00,114.82280030959893
2016-12-26 17:00:00,108.71467996977091
2016-12-26 18:00:00,101.26196231728072
2016-12-26 19:00:00,96.2653393782235
2016-12-26 20:00:00,89.53301183848855
2016-12-26 21:00:00,74.62971607028338
2016-12-26 22:00:00,72.39938794623761
2016-12-26 23:00:00,70.7347757699577
2016-12-27 00:00:00,70.39016058336847
2016-12-27 01:00:00,70.11166210550948
2016-12-27 02:00:00,69.14527010729095
2016-12-27 03:00:00,69.10076845378745
2016-12-27 04:00:00,73.617956318124
2016-12-27 05:00:00,89.28915373399097
2016-12-27 06:00:00,92.95480757429569
2016-12-27 07:00:00,95.62594953229511
2016-12-27 08:00:00,103.42454562736557
2016-12-27 09:00:00,108.54708536101545
2016-12-27 10:00:00,111.30943254492244
2016-12-27 11:00:00,112.28490090556659
2016-12-27 12:00:00,114.76111886174381
2016-12-27 13:00:00,116.35055634945473
2016-12-27 14:00:00,115.69730214997922
2016-12-27 15:00:00,116.7104157370781
2016-12-27 16:00:00,114.6413696898674
2016-12-27 17:00:00,110.12259402158789
2016-12-27 18:00:00,103.68508421371531
2016-12-27 19:00:00,96.21466653451333
2016-12-27 20:00:00,84.8152560823146
2016-12-27 21:00:00,68.69983687222795
2016-12-27 22:00:00,66.16421519515993
2016-12-27 23:00:00,66.3268243844299
2016-12-28 00:00:00,67.11400065645962
2016-12-28 01:00:00,66.29088229798356
2016-12-28 02:00:00,64.84132123804908
2016-12-28 03:00:00,66.11782518146535
2016-12-28 04:00:00,69.83008640695806
2016-12-28 05:00:00,84.04388028565965
2016-12-28 06:00:00,91.0271543909509
2016-12-28 07:00:00,94.1272619089796
2016-12-28 08:00:00,101.4957729627337
2016-12-28 09:00:00,107.63163469655842
2016-12-28 10:00:00,114.33023830951106
2016-12-28 11:00:00,117.29478270550788
2016-12-28 12:00:00,118.23655665312594
2016-12-28 13:00:00,119.47570402523455
2016-12-28 14:00:00,120.69604170887722
2016-12-28 15:00:00,122.76224105009078
2016-12-28 16:00:00,120.59173718688183
2016-12-28 17:00:00,117.42107661113641
2016-12-28 18:00:00,110.45548447397393
2016-12-28 19:00:00,102.12072801962614
2016-12-28 20:00:00,88.25550746527847
2016-12-28 21:00:00,71.22163727513012
2016-12-28 22:00:00,66.10422050948097
2016-12-28 23:00:00,64.95424954315703
2016-12-29 00:00:00,65.09482578847273
2016-12-29 01:00:00,65.05791137886293
2016-12-29 02:00:00,63.17767647838646
2016-12-29 03:00:00,63.674446347256215
2016-12-29 04:00:00,68.479911252597
2016-12-29 05:00:00,81.37342671766511
2016-12-29 06:00:00,88.83236103476933
2016-12-29 07:00:00,94.58610687043368
2016-12-29 08:00:00,101.80390570858548
2016-12-29 09:00:00,106.94765920947472
2016-12-29 10:00:00,111.84165779803024
2016-12-29 11:00:00,115.01403035929485
2016-12-29 12:00:00,116.17859446504075
2016-12-29 13:00:00,117.17969859644093
2016-12-29 14:00:00,117.11214521174406
2016-12-29 15:00:00,116.11045834976662
2016-12-29 16:00:00,113.31326366153046
2016-12-29 17:00:00,112.95114090263684
2016-12-29 18:00:00,110.01368277128131
2016-12-29 19:00:00,100.24047103910934
2016-12-29 20:00:00,87.98167260804392
2016-12-29 21:00:00,71.44737332733422
2016-12-29 22:00:00,66.34688641658151
2016-12-29 23:00:00,64.77258678844102
2016-12-30 00:00:00,65.620185167082
2016-12-30 01:00:00,64.0948283180289
2016-12-30 02:00:00,62.77786801467541
2016-12-30 03:00:00,63.49157191253136
2016-12-30 04:00:00,66.9015179222412
2016-12-30 05:00:00,79.43691199488137
2016-12-30 06:00:00,86.92729970061333
2016-12-30 07:00:00,93.06165857867603
2016-12-30 08:00:00,98.45580091779638
2016-12-30 09:00:00,105.63822726736463
2016-12-30 10:00:00,112.17138732375423
2016-12-30 11:00:00,115.9011204631067
2016-12-30 12:00:00,117.07077464553602
2016-12-30 13:00:00,118.49207737522782
2016-12-30 14:00:00,117.47125754454372
2016-12-30 15:00:00,115.76871741636647
2016-12-30 16:00:00,110.57025065630754
2016-12-30 17:00:00,107.97501741094257
2016-12-30 18:00:00,106.21908350703342
2016-12-30 19:00:00,100.19451391890642
2016-12-30 20:00:00,91.11760061877627
2016-12-30 21:00:00,76.76681201845113
2016-12-30 22:00:00,70.52850986211274
2016-12-30 23:00:00,66.37422263955126
2016-12-31 00:00:00,66.32758539442041
2016-12-31 01:00:00,65.03702043680957
2016-12-31 02:00:00,63.931165431149864
2016-12-31 03:00:00,64.89121827901936
2016-12-31 04:00:00,68.35772689632887
2016-12-31 05:00:00,78.21690161868085
2016-12-31 06:00:00,84.38772242384657
2016-12-31 07:00:00,90.09467394498968
2016-12-31 08:00:00,93.21820332064044
2016-12-31 09:00:00,93.36422608277812
2016-12-31 10:00:00,94.45081109612943
2016-12-31 11:00:00,95.24600377799659
2016-12-31 12:00:00,93.37518048886534
2016-12-31 13:00:00,90.43882063829929
2016-12-31 14:00:00,91.33579517685489
2016-12-31 15:00:00,84.84940768153919
2016-12-31 16:00:00,80.53874405585131
2016-12-31 17:00:00,78.50135988891127
2016-12-31 18:00:00,76.15802015947473
2016-12-31 19:00:00,74.43284291463809
2016-12-31 20:00:00,72.00759207862123
2016-12-31 21:00:00,63.909588910999986
2016-12-31 22:00:00,60.391529929517716
2016-12-31 23:00:00,57.67574325558751
